$ANSIBLE_VAULT;1.1;AES256
31386462363265306336316535386537623236663539666339656530376131353866646632616230
3063613062653564656435616332373566616135303961350a353632383239356364643137616461
34346362366566346666393262656363353462366461656136613935663032626434636666653335
6531653337316366620a376138393035623764323764393738363764313362623862636264616432
37303064356166626661353936326363323630646132653536316233353862626430353836303238
32373866613435653830313936353434643463396261613263306232633738613435616235633034
63393532313832316233313634383935653036616132363062633861303063646235393730353565
32333634303733373539373663356439396164366438343966313537323162376665303434613938
65356634366331343166356565616466633036376238663239656366323834323236313561633637
30393631373535333836643132323236643862613365353665366531353032303338653734366166
33323538636661613162303533386331313633333066313735643436393635343939653065376237
36386664653033653161613231373430383862303338613139666533333731656435393532393731
31616536656463393262383038333935316666653231653661343732643239393965616639306534
35383964393431316436366538303737656466316531393766336533333032333337656133386438
63353236303864613264626265383266613632633263393030656366633030363365376437366363
35623664376336666437336662333235366565323439613762366439646535616331353338626335
38623932643466366634323433323635663566393761333732316134363239656636663637323136
34643466643731333033393436666163356437386334626637636533346236323834643964323965
39316164343437383839636339333630663338343330316338376134646332373131313837353036
64356436393234383237
